            
	    0 [(0, 1), (2, 3), (4, 5), (6, 7), (8, 9)]   4
            1 [(0, 1), (2, 3), (4, 5), (6, 8), (7, 9)]   3
            2 [(0, 1), (2, 3), (4, 5), (6, 9), (7, 8)]   2
            3 [(0, 1), (2, 3), (4, 6), (5, 7), (8, 9)]   1
            4 [(0, 1), (2, 3), (4, 6), (5, 8), (7, 9)]   2
            5 [(0, 1), (2, 3), (4, 6), (5, 9), (7, 8)]   0
            6 [(0, 1), (2, 3), (4, 7), (5, 6), (8, 9)]   2
            7 [(0, 1), (2, 3), (4, 7), (5, 8), (6, 9)]   3
            8 [(0, 1), (2, 3), (4, 7), (5, 9), (6, 8)]   4
            9 [(0, 1), (2, 3), (4, 8), (5, 6), (7, 9)]   1
            10 [(0, 1), (2, 3), (4, 8), (5, 7), (6, 9)]   0
            11 [(0, 1), (2, 3), (4, 8), (5, 9), (6, 7)]   5
            12 [(0, 1), (2, 3), (4, 9), (5, 6), (7, 8)]   4
            13 [(0, 1), (2, 3), (4, 9), (5, 7), (6, 8)]   5
            14 [(0, 1), (2, 3), (4, 9), (5, 8), (6, 7)]   0
            15 [(0, 1), (2, 4), (3, 5), (6, 7), (8, 9)]   0
            16 [(0, 1), (2, 4), (3, 5), (6, 8), (7, 9)]   4
            17 [(0, 1), (2, 4), (3, 5), (6, 9), (7, 8)]   5
            18 [(0, 1), (2, 4), (3, 6), (5, 7), (8, 9)]   3
            19 [(0, 1), (2, 4), (3, 6), (5, 8), (7, 9)]   1
            20 [(0, 1), (2, 4), (3, 6), (5, 9), (7, 8)]   4
            21 [(0, 1), (2, 4), (3, 7), (5, 6), (8, 9)]   5
            22 [(0, 1), (2, 4), (3, 7), (5, 8), (6, 9)]   0
            23 [(0, 1), (2, 4), (3, 7), (5, 9), (6, 8)]   3
            24 [(0, 1), (2, 4), (3, 8), (5, 6), (7, 9)]   2
            25 [(0, 1), (2, 4), (3, 8), (5, 7), (6, 9)]   4
            26 [(0, 1), (2, 4), (3, 8), (5, 9), (6, 7)]   1
            27 [(0, 1), (2, 4), (3, 9), (5, 6), (7, 8)]   3
            28 [(0, 1), (2, 4), (3, 9), (5, 7), (6, 8)]   1
            29 [(0, 1), (2, 4), (3, 9), (5, 8), (6, 7)]   5
            30 [(0, 1), (2, 5), (3, 4), (6, 7), (8, 9)]   5
            31 [(0, 1), (2, 5), (3, 4), (6, 8), (7, 9)]   2
            32 [(0, 1), (2, 5), (3, 4), (6, 9), (7, 8)]   0
            33 [(0, 1), (2, 5), (3, 6), (4, 7), (8, 9)]   4
            34 [(0, 1), (2, 5), (3, 6), (4, 8), (7, 9)]   0
            35 [(0, 1), (2, 5), (3, 6), (4, 9), (7, 8)]   1
            36 [(0, 1), (2, 5), (3, 7), (4, 6), (8, 9)]   0
            37 [(0, 1), (2, 5), (3, 7), (4, 8), (6, 9)]   3
            38 [(0, 1), (2, 5), (3, 7), (4, 9), (6, 8)]   4
            39 [(0, 1), (2, 5), (3, 8), (4, 6), (7, 9)]   3
            40 [(0, 1), (2, 5), (3, 8), (4, 7), (6, 9)]   5
            41 [(0, 1), (2, 5), (3, 8), (4, 9), (6, 7)]   2
            42 [(0, 1), (2, 5), (3, 9), (4, 6), (7, 8)]   2
            43 [(0, 1), (2, 5), (3, 9), (4, 7), (6, 8)]   3
            44 [(0, 1), (2, 5), (3, 9), (4, 8), (6, 7)]   1
            45 [(0, 1), (2, 6), (3, 4), (5, 7), (8, 9)]   4
            46 [(0, 1), (2, 6), (3, 4), (5, 8), (7, 9)]   0
            47 [(0, 1), (2, 6), (3, 4), (5, 9), (7, 8)]   3
            48 [(0, 1), (2, 6), (3, 5), (4, 7), (8, 9)]   1
            49 [(0, 1), (2, 6), (3, 5), (4, 8), (7, 9)]   5
            50 [(0, 1), (2, 6), (3, 5), (4, 9), (7, 8)]   0
            51 [(0, 1), (2, 6), (3, 7), (4, 5), (8, 9)]   3
            52 [(0, 1), (2, 6), (3, 7), (4, 8), (5, 9)]   0
            53 [(0, 1), (2, 6), (3, 7), (4, 9), (5, 8)]   5
            54 [(0, 1), (2, 6), (3, 8), (4, 5), (7, 9)]   4
            55 [(0, 1), (2, 6), (3, 8), (4, 7), (5, 9)]   2
            56 [(0, 1), (2, 6), (3, 8), (4, 9), (5, 7)]   3
            57 [(0, 1), (2, 6), (3, 9), (4, 5), (7, 8)]   1
            58 [(0, 1), (2, 6), (3, 9), (4, 7), (5, 8)]   4
            59 [(0, 1), (2, 6), (3, 9), (4, 8), (5, 7)]   2
            60 [(0, 1), (2, 7), (3, 4), (5, 6), (8, 9)]   3
            61 [(0, 1), (2, 7), (3, 4), (5, 8), (6, 9)]   2
            62 [(0, 1), (2, 7), (3, 4), (5, 9), (6, 8)]   1
            63 [(0, 1), (2, 7), (3, 5), (4, 6), (8, 9)]   5
            64 [(0, 1), (2, 7), (3, 5), (4, 8), (6, 9)]   1
            65 [(0, 1), (2, 7), (3, 5), (4, 9), (6, 8)]   3
            66 [(0, 1), (2, 7), (3, 6), (4, 5), (8, 9)]   1
            67 [(0, 1), (2, 7), (3, 6), (4, 8), (5, 9)]   2
            68 [(0, 1), (2, 7), (3, 6), (4, 9), (5, 8)]   4
            69 [(0, 1), (2, 7), (3, 8), (4, 5), (6, 9)]   3
            70 [(0, 1), (2, 7), (3, 8), (4, 6), (5, 9)]   4
            71 [(0, 1), (2, 7), (3, 8), (4, 9), (5, 6)]   5
            72 [(0, 1), (2, 7), (3, 9), (4, 5), (6, 8)]   5
            73 [(0, 1), (2, 7), (3, 9), (4, 6), (5, 8)]   0
            74 [(0, 1), (2, 7), (3, 9), (4, 8), (5, 6)]   4
            75 [(0, 1), (2, 8), (3, 4), (5, 6), (7, 9)]   4
            76 [(0, 1), (2, 8), (3, 4), (5, 7), (6, 9)]   1
            77 [(0, 1), (2, 8), (3, 4), (5, 9), (6, 7)]   0
            78 [(0, 1), (2, 8), (3, 5), (4, 6), (7, 9)]   0
            79 [(0, 1), (2, 8), (3, 5), (4, 7), (6, 9)]   2
            80 [(0, 1), (2, 8), (3, 5), (4, 9), (6, 7)]   1
            81 [(0, 1), (2, 8), (3, 6), (4, 5), (7, 9)]   5
            82 [(0, 1), (2, 8), (3, 6), (4, 7), (5, 9)]   3
            83 [(0, 1), (2, 8), (3, 6), (4, 9), (5, 7)]   0
            84 [(0, 1), (2, 8), (3, 7), (4, 5), (6, 9)]   4
            85 [(0, 1), (2, 8), (3, 7), (4, 6), (5, 9)]   5
            86 [(0, 1), (2, 8), (3, 7), (4, 9), (5, 6)]   3
            87 [(0, 1), (2, 8), (3, 9), (4, 5), (6, 7)]   3
            88 [(0, 1), (2, 8), (3, 9), (4, 6), (5, 7)]   4
            89 [(0, 1), (2, 8), (3, 9), (4, 7), (5, 6)]   5
            90 [(0, 1), (2, 9), (3, 4), (5, 6), (7, 8)]   5
            91 [(0, 1), (2, 9), (3, 4), (5, 7), (6, 8)]   3
            92 [(0, 1), (2, 9), (3, 4), (5, 8), (6, 7)]   1
            93 [(0, 1), (2, 9), (3, 5), (4, 6), (7, 8)]   1
            94 [(0, 1), (2, 9), (3, 5), (4, 7), (6, 8)]   5
            95 [(0, 1), (2, 9), (3, 5), (4, 8), (6, 7)]   3
            96 [(0, 1), (2, 9), (3, 6), (4, 5), (7, 8)]   3
            97 [(0, 1), (2, 9), (3, 6), (4, 7), (5, 8)]   2
            98 [(0, 1), (2, 9), (3, 6), (4, 8), (5, 7)]   4
            99 [(0, 1), (2, 9), (3, 7), (4, 5), (6, 8)]   1
            100 [(0, 1), (2, 9), (3, 7), (4, 6), (5, 8)]   4
            101 [(0, 1), (2, 9), (3, 7), (4, 8), (5, 6)]   2
            102 [(0, 1), (2, 9), (3, 8), (4, 5), (6, 7)]   5
            103 [(0, 1), (2, 9), (3, 8), (4, 6), (5, 7)]   2
            104 [(0, 1), (2, 9), (3, 8), (4, 7), (5, 6)]   4
            105 [(0, 2), (1, 3), (4, 5), (6, 7), (8, 9)]   0
            106 [(0, 2), (1, 3), (4, 5), (6, 8), (7, 9)]   4
            107 [(0, 2), (1, 3), (4, 5), (6, 9), (7, 8)]   1
            108 [(0, 2), (1, 3), (4, 6), (5, 7), (8, 9)]   5
            109 [(0, 2), (1, 3), (4, 6), (5, 8), (7, 9)]   3
            110 [(0, 2), (1, 3), (4, 6), (5, 9), (7, 8)]   4
            111 [(0, 2), (1, 3), (4, 7), (5, 6), (8, 9)]   1
            112 [(0, 2), (1, 3), (4, 7), (5, 8), (6, 9)]   2
            113 [(0, 2), (1, 3), (4, 7), (5, 9), (6, 8)]   0
            114 [(0, 2), (1, 3), (4, 8), (5, 6), (7, 9)]   0
            115 [(0, 2), (1, 3), (4, 8), (5, 7), (6, 9)]   4
            116 [(0, 2), (1, 3), (4, 8), (5, 9), (6, 7)]   1
            117 [(0, 2), (1, 3), (4, 9), (5, 6), (7, 8)]   3
            118 [(0, 2), (1, 3), (4, 9), (5, 7), (6, 8)]   2
            119 [(0, 2), (1, 3), (4, 9), (5, 8), (6, 7)]   5
            120 [(0, 2), (1, 4), (3, 5), (6, 7), (8, 9)]   4
            121 [(0, 2), (1, 4), (3, 5), (6, 8), (7, 9)]   2
            122 [(0, 2), (1, 4), (3, 5), (6, 9), (7, 8)]   0
            123 [(0, 2), (1, 4), (3, 6), (5, 7), (8, 9)]   0
            124 [(0, 2), (1, 4), (3, 6), (5, 8), (7, 9)]   5
            125 [(0, 2), (1, 4), (3, 6), (5, 9), (7, 8)]   3
            126 [(0, 2), (1, 4), (3, 7), (5, 6), (8, 9)]   3
            127 [(0, 2), (1, 4), (3, 7), (5, 8), (6, 9)]   4
            128 [(0, 2), (1, 4), (3, 7), (5, 9), (6, 8)]   1
            129 [(0, 2), (1, 4), (3, 8), (5, 6), (7, 9)]   1
            130 [(0, 2), (1, 4), (3, 8), (5, 7), (6, 9)]   2
            131 [(0, 2), (1, 4), (3, 8), (5, 9), (6, 7)]   0
            132 [(0, 2), (1, 4), (3, 9), (5, 6), (7, 8)]   5
            133 [(0, 2), (1, 4), (3, 9), (5, 7), (6, 8)]   4
            134 [(0, 2), (1, 4), (3, 9), (5, 8), (6, 7)]   3
            135 [(0, 2), (1, 5), (3, 4), (6, 7), (8, 9)]   1
            136 [(0, 2), (1, 5), (3, 4), (6, 8), (7, 9)]   0
            137 [(0, 2), (1, 5), (3, 4), (6, 9), (7, 8)]   2
            138 [(0, 2), (1, 5), (3, 6), (4, 7), (8, 9)]   5
            139 [(0, 2), (1, 5), (3, 6), (4, 8), (7, 9)]   2
            140 [(0, 2), (1, 5), (3, 6), (4, 9), (7, 8)]   0
            141 [(0, 2), (1, 5), (3, 7), (4, 6), (8, 9)]   2
            142 [(0, 2), (1, 5), (3, 7), (4, 8), (6, 9)]   0
            143 [(0, 2), (1, 5), (3, 7), (4, 9), (6, 8)]   5
            144 [(0, 2), (1, 5), (3, 8), (4, 6), (7, 9)]   5
            145 [(0, 2), (1, 5), (3, 8), (4, 7), (6, 9)]   1
            146 [(0, 2), (1, 5), (3, 8), (4, 9), (6, 7)]   3
            147 [(0, 2), (1, 5), (3, 9), (4, 6), (7, 8)]   3
            148 [(0, 2), (1, 5), (3, 9), (4, 7), (6, 8)]   2
            149 [(0, 2), (1, 5), (3, 9), (4, 8), (6, 7)]   4
            150 [(0, 2), (1, 6), (3, 4), (5, 7), (8, 9)]   2
            151 [(0, 2), (1, 6), (3, 4), (5, 8), (7, 9)]   4
            152 [(0, 2), (1, 6), (3, 4), (5, 9), (7, 8)]   0
            153 [(0, 2), (1, 6), (3, 5), (4, 7), (8, 9)]   3
            154 [(0, 2), (1, 6), (3, 5), (4, 8), (7, 9)]   1
            155 [(0, 2), (1, 6), (3, 5), (4, 9), (7, 8)]   5
            156 [(0, 2), (1, 6), (3, 7), (4, 5), (8, 9)]   1
            157 [(0, 2), (1, 6), (3, 7), (4, 8), (5, 9)]   5
            158 [(0, 2), (1, 6), (3, 7), (4, 9), (5, 8)]   3
            159 [(0, 2), (1, 6), (3, 8), (4, 5), (7, 9)]   3
            160 [(0, 2), (1, 6), (3, 8), (4, 7), (5, 9)]   4
            161 [(0, 2), (1, 6), (3, 8), (4, 9), (5, 7)]   0
            162 [(0, 2), (1, 6), (3, 9), (4, 5), (7, 8)]   2
            163 [(0, 2), (1, 6), (3, 9), (4, 7), (5, 8)]   5
            164 [(0, 2), (1, 6), (3, 9), (4, 8), (5, 7)]   3
            165 [(0, 2), (1, 7), (3, 4), (5, 6), (8, 9)]   0
            166 [(0, 2), (1, 7), (3, 4), (5, 8), (6, 9)]   1
            167 [(0, 2), (1, 7), (3, 4), (5, 9), (6, 8)]   3
            168 [(0, 2), (1, 7), (3, 5), (4, 6), (8, 9)]   1
            169 [(0, 2), (1, 7), (3, 5), (4, 8), (6, 9)]   3
            170 [(0, 2), (1, 7), (3, 5), (4, 9), (6, 8)]   0
            171 [(0, 2), (1, 7), (3, 6), (4, 5), (8, 9)]   3
            172 [(0, 2), (1, 7), (3, 6), (4, 8), (5, 9)]   4
            173 [(0, 2), (1, 7), (3, 6), (4, 9), (5, 8)]   2
            174 [(0, 2), (1, 7), (3, 8), (4, 5), (6, 9)]   0
            175 [(0, 2), (1, 7), (3, 8), (4, 6), (5, 9)]   2
            176 [(0, 2), (1, 7), (3, 8), (4, 9), (5, 6)]   4
            177 [(0, 2), (1, 7), (3, 9), (4, 5), (6, 8)]   1
            178 [(0, 2), (1, 7), (3, 9), (4, 6), (5, 8)]   4
            179 [(0, 2), (1, 7), (3, 9), (4, 8), (5, 6)]   2
            180 [(0, 2), (1, 8), (3, 4), (5, 6), (7, 9)]   2
            181 [(0, 2), (1, 8), (3, 4), (5, 7), (6, 9)]   3
            182 [(0, 2), (1, 8), (3, 4), (5, 9), (6, 7)]   4
            183 [(0, 2), (1, 8), (3, 5), (4, 6), (7, 9)]   4
            184 [(0, 2), (1, 8), (3, 5), (4, 7), (6, 9)]   5
            185 [(0, 2), (1, 8), (3, 5), (4, 9), (6, 7)]   2
            186 [(0, 2), (1, 8), (3, 6), (4, 5), (7, 9)]   0
            187 [(0, 2), (1, 8), (3, 6), (4, 7), (5, 9)]   1
            188 [(0, 2), (1, 8), (3, 6), (4, 9), (5, 7)]   5
            189 [(0, 2), (1, 8), (3, 7), (4, 5), (6, 9)]   2
            190 [(0, 2), (1, 8), (3, 7), (4, 6), (5, 9)]   3
            191 [(0, 2), (1, 8), (3, 7), (4, 9), (5, 6)]   0
            192 [(0, 2), (1, 8), (3, 9), (4, 5), (6, 7)]   5
            193 [(0, 2), (1, 8), (3, 9), (4, 6), (5, 7)]   2
            194 [(0, 2), (1, 8), (3, 9), (4, 7), (5, 6)]   4
            195 [(0, 2), (1, 9), (3, 4), (5, 6), (7, 8)]   1
            196 [(0, 2), (1, 9), (3, 4), (5, 7), (6, 8)]   5
            197 [(0, 2), (1, 9), (3, 4), (5, 8), (6, 7)]   2
            198 [(0, 2), (1, 9), (3, 5), (4, 6), (7, 8)]   2
            199 [(0, 2), (1, 9), (3, 5), (4, 7), (6, 8)]   1
            200 [(0, 2), (1, 9), (3, 5), (4, 8), (6, 7)]   0
            201 [(0, 2), (1, 9), (3, 6), (4, 5), (7, 8)]   5
            202 [(0, 2), (1, 9), (3, 6), (4, 7), (5, 8)]   4
            203 [(0, 2), (1, 9), (3, 6), (4, 8), (5, 7)]   1
            204 [(0, 2), (1, 9), (3, 7), (4, 5), (6, 8)]   3
            205 [(0, 2), (1, 9), (3, 7), (4, 6), (5, 8)]   5
            206 [(0, 2), (1, 9), (3, 7), (4, 8), (5, 6)]   4
            207 [(0, 2), (1, 9), (3, 8), (4, 5), (6, 7)]   1
            208 [(0, 2), (1, 9), (3, 8), (4, 6), (5, 7)]   4
            209 [(0, 2), (1, 9), (3, 8), (4, 7), (5, 6)]   3
            210 [(0, 3), (1, 2), (4, 5), (6, 7), (8, 9)]   1
            211 [(0, 3), (1, 2), (4, 5), (6, 8), (7, 9)]   5
            212 [(0, 3), (1, 2), (4, 5), (6, 9), (7, 8)]   0
            213 [(0, 3), (1, 2), (4, 6), (5, 7), (8, 9)]   3
            214 [(0, 3), (1, 2), (4, 6), (5, 8), (7, 9)]   1
            215 [(0, 3), (1, 2), (4, 6), (5, 9), (7, 8)]   5
            216 [(0, 3), (1, 2), (4, 7), (5, 6), (8, 9)]   0
            217 [(0, 3), (1, 2), (4, 7), (5, 8), (6, 9)]   4
            218 [(0, 3), (1, 2), (4, 7), (5, 9), (6, 8)]   1
            219 [(0, 3), (1, 2), (4, 8), (5, 6), (7, 9)]   3
            220 [(0, 3), (1, 2), (4, 8), (5, 7), (6, 9)]   1
            221 [(0, 3), (1, 2), (4, 8), (5, 9), (6, 7)]   4
            222 [(0, 3), (1, 2), (4, 9), (5, 6), (7, 8)]   1
            223 [(0, 3), (1, 2), (4, 9), (5, 7), (6, 8)]   4
            224 [(0, 3), (1, 2), (4, 9), (5, 8), (6, 7)]   3
            225 [(0, 3), (1, 4), (2, 5), (6, 7), (8, 9)]   0
            226 [(0, 3), (1, 4), (2, 5), (6, 8), (7, 9)]   4
            227 [(0, 3), (1, 4), (2, 5), (6, 9), (7, 8)]   5
            228 [(0, 3), (1, 4), (2, 6), (5, 7), (8, 9)]   1
            229 [(0, 3), (1, 4), (2, 6), (5, 8), (7, 9)]   3
            230 [(0, 3), (1, 4), (2, 6), (5, 9), (7, 8)]   0
            231 [(0, 3), (1, 4), (2, 7), (5, 6), (8, 9)]   4
            232 [(0, 3), (1, 4), (2, 7), (5, 8), (6, 9)]   0
            233 [(0, 3), (1, 4), (2, 7), (5, 9), (6, 8)]   5
            234 [(0, 3), (1, 4), (2, 8), (5, 6), (7, 9)]   0
            235 [(0, 3), (1, 4), (2, 8), (5, 7), (6, 9)]   4
            236 [(0, 3), (1, 4), (2, 8), (5, 9), (6, 7)]   1
            237 [(0, 3), (1, 4), (2, 9), (5, 6), (7, 8)]   2
            238 [(0, 3), (1, 4), (2, 9), (5, 7), (6, 8)]   0
            239 [(0, 3), (1, 4), (2, 9), (5, 8), (6, 7)]   4
            240 [(0, 3), (1, 5), (2, 4), (6, 7), (8, 9)]   5
            241 [(0, 3), (1, 5), (2, 4), (6, 8), (7, 9)]   1
            242 [(0, 3), (1, 5), (2, 4), (6, 9), (7, 8)]   4
            243 [(0, 3), (1, 5), (2, 6), (4, 7), (8, 9)]   3
            244 [(0, 3), (1, 5), (2, 6), (4, 8), (7, 9)]   0
            245 [(0, 3), (1, 5), (2, 6), (4, 9), (7, 8)]   5
            246 [(0, 3), (1, 5), (2, 7), (4, 6), (8, 9)]   1
            247 [(0, 3), (1, 5), (2, 7), (4, 8), (6, 9)]   3
            248 [(0, 3), (1, 5), (2, 7), (4, 9), (6, 8)]   0
            249 [(0, 3), (1, 5), (2, 8), (4, 6), (7, 9)]   3
            250 [(0, 3), (1, 5), (2, 8), (4, 7), (6, 9)]   0
            251 [(0, 3), (1, 5), (2, 8), (4, 9), (6, 7)]   2
            252 [(0, 3), (1, 5), (2, 9), (4, 6), (7, 8)]   0
            253 [(0, 3), (1, 5), (2, 9), (4, 7), (6, 8)]   4
            254 [(0, 3), (1, 5), (2, 9), (4, 8), (6, 7)]   1
            255 [(0, 3), (1, 6), (2, 4), (5, 7), (8, 9)]   4
            256 [(0, 3), (1, 6), (2, 4), (5, 8), (7, 9)]   0
            257 [(0, 3), (1, 6), (2, 4), (5, 9), (7, 8)]   1
            258 [(0, 3), (1, 6), (2, 5), (4, 7), (8, 9)]   1
            259 [(0, 3), (1, 6), (2, 5), (4, 8), (7, 9)]   5
            260 [(0, 3), (1, 6), (2, 5), (4, 9), (7, 8)]   2
            261 [(0, 3), (1, 6), (2, 7), (4, 5), (8, 9)]   3
            262 [(0, 3), (1, 6), (2, 7), (4, 8), (5, 9)]   0
            263 [(0, 3), (1, 6), (2, 7), (4, 9), (5, 8)]   5
            264 [(0, 3), (1, 6), (2, 8), (4, 5), (7, 9)]   2
            265 [(0, 3), (1, 6), (2, 8), (4, 7), (5, 9)]   5
            266 [(0, 3), (1, 6), (2, 8), (4, 9), (5, 7)]   1
            267 [(0, 3), (1, 6), (2, 9), (4, 5), (7, 8)]   5
            268 [(0, 3), (1, 6), (2, 9), (4, 7), (5, 8)]   3
            269 [(0, 3), (1, 6), (2, 9), (4, 8), (5, 7)]   2
            270 [(0, 3), (1, 7), (2, 4), (5, 6), (8, 9)]   1
            271 [(0, 3), (1, 7), (2, 4), (5, 8), (6, 9)]   5
            272 [(0, 3), (1, 7), (2, 4), (5, 9), (6, 8)]   4
            273 [(0, 3), (1, 7), (2, 5), (4, 6), (8, 9)]   5
            274 [(0, 3), (1, 7), (2, 5), (4, 8), (6, 9)]   0
            275 [(0, 3), (1, 7), (2, 5), (4, 9), (6, 8)]   1
            276 [(0, 3), (1, 7), (2, 6), (4, 5), (8, 9)]   4
            277 [(0, 3), (1, 7), (2, 6), (4, 8), (5, 9)]   5
            278 [(0, 3), (1, 7), (2, 6), (4, 9), (5, 8)]   0
            279 [(0, 3), (1, 7), (2, 8), (4, 5), (6, 9)]   1
            280 [(0, 3), (1, 7), (2, 8), (4, 6), (5, 9)]   0
            281 [(0, 3), (1, 7), (2, 8), (4, 9), (5, 6)]   5
            282 [(0, 3), (1, 7), (2, 9), (4, 5), (6, 8)]   3
            283 [(0, 3), (1, 7), (2, 9), (4, 6), (5, 8)]   2
            284 [(0, 3), (1, 7), (2, 9), (4, 8), (5, 6)]   4
            285 [(0, 3), (1, 8), (2, 4), (5, 6), (7, 9)]   4
            286 [(0, 3), (1, 8), (2, 4), (5, 7), (6, 9)]   0
            287 [(0, 3), (1, 8), (2, 4), (5, 9), (6, 7)]   3
            288 [(0, 3), (1, 8), (2, 5), (4, 6), (7, 9)]   0
            289 [(0, 3), (1, 8), (2, 5), (4, 7), (6, 9)]   3
            290 [(0, 3), (1, 8), (2, 5), (4, 9), (6, 7)]   5
            291 [(0, 3), (1, 8), (2, 6), (4, 5), (7, 9)]   1
            292 [(0, 3), (1, 8), (2, 6), (4, 7), (5, 9)]   4
            293 [(0, 3), (1, 8), (2, 6), (4, 9), (5, 7)]   2
            294 [(0, 3), (1, 8), (2, 7), (4, 5), (6, 9)]   4
            295 [(0, 3), (1, 8), (2, 7), (4, 6), (5, 9)]   2
            296 [(0, 3), (1, 8), (2, 7), (4, 9), (5, 6)]   3
            297 [(0, 3), (1, 8), (2, 9), (4, 5), (6, 7)]   2
            298 [(0, 3), (1, 8), (2, 9), (4, 6), (5, 7)]   4
            299 [(0, 3), (1, 8), (2, 9), (4, 7), (5, 6)]   1
            300 [(0, 3), (1, 9), (2, 4), (5, 6), (7, 8)]   0
            301 [(0, 3), (1, 9), (2, 4), (5, 7), (6, 8)]   3
            302 [(0, 3), (1, 9), (2, 4), (5, 8), (6, 7)]   1
            303 [(0, 3), (1, 9), (2, 5), (4, 6), (7, 8)]   1
            304 [(0, 3), (1, 9), (2, 5), (4, 7), (6, 8)]   0
            305 [(0, 3), (1, 9), (2, 5), (4, 8), (6, 7)]   3
            306 [(0, 3), (1, 9), (2, 6), (4, 5), (7, 8)]   3
            307 [(0, 3), (1, 9), (2, 6), (4, 7), (5, 8)]   2
            308 [(0, 3), (1, 9), (2, 6), (4, 8), (5, 7)]   4
            309 [(0, 3), (1, 9), (2, 7), (4, 5), (6, 8)]   1
            310 [(0, 3), (1, 9), (2, 7), (4, 6), (5, 8)]   4
            311 [(0, 3), (1, 9), (2, 7), (4, 8), (5, 6)]   2
            312 [(0, 3), (1, 9), (2, 8), (4, 5), (6, 7)]   0
            313 [(0, 3), (1, 9), (2, 8), (4, 6), (5, 7)]   2
            314 [(0, 3), (1, 9), (2, 8), (4, 7), (5, 6)]   4
            315 [(0, 4), (1, 2), (3, 5), (6, 7), (8, 9)]   5
            316 [(0, 4), (1, 2), (3, 5), (6, 8), (7, 9)]   1
            317 [(0, 4), (1, 2), (3, 5), (6, 9), (7, 8)]   2
            318 [(0, 4), (1, 2), (3, 6), (5, 7), (8, 9)]   1
            319 [(0, 4), (1, 2), (3, 6), (5, 8), (7, 9)]   3
            320 [(0, 4), (1, 2), (3, 6), (5, 9), (7, 8)]   0
            321 [(0, 4), (1, 2), (3, 7), (5, 6), (8, 9)]   2
            322 [(0, 4), (1, 2), (3, 7), (5, 8), (6, 9)]   5
            323 [(0, 4), (1, 2), (3, 7), (5, 9), (6, 8)]   4
            324 [(0, 4), (1, 2), (3, 8), (5, 6), (7, 9)]   5
            325 [(0, 4), (1, 2), (3, 8), (5, 7), (6, 9)]   0
            326 [(0, 4), (1, 2), (3, 8), (5, 9), (6, 7)]   3
            327 [(0, 4), (1, 2), (3, 9), (5, 6), (7, 8)]   4
            328 [(0, 4), (1, 2), (3, 9), (5, 7), (6, 8)]   3
            329 [(0, 4), (1, 2), (3, 9), (5, 8), (6, 7)]   1
            330 [(0, 4), (1, 3), (2, 5), (6, 7), (8, 9)]   1
            331 [(0, 4), (1, 3), (2, 5), (6, 8), (7, 9)]   5
            332 [(0, 4), (1, 3), (2, 5), (6, 9), (7, 8)]   4
            333 [(0, 4), (1, 3), (2, 6), (5, 7), (8, 9)]   2
            334 [(0, 4), (1, 3), (2, 6), (5, 8), (7, 9)]   4
            335 [(0, 4), (1, 3), (2, 6), (5, 9), (7, 8)]   1
            336 [(0, 4), (1, 3), (2, 7), (5, 6), (8, 9)]   5
            337 [(0, 4), (1, 3), (2, 7), (5, 8), (6, 9)]   1
            338 [(0, 4), (1, 3), (2, 7), (5, 9), (6, 8)]   3
            339 [(0, 4), (1, 3), (2, 8), (5, 6), (7, 9)]   2
            340 [(0, 4), (1, 3), (2, 8), (5, 7), (6, 9)]   3
            341 [(0, 4), (1, 3), (2, 8), (5, 9), (6, 7)]   4
            342 [(0, 4), (1, 3), (2, 9), (5, 6), (7, 8)]   0
            343 [(0, 4), (1, 3), (2, 9), (5, 7), (6, 8)]   1
            344 [(0, 4), (1, 3), (2, 9), (5, 8), (6, 7)]   3
            345 [(0, 4), (1, 5), (2, 3), (6, 7), (8, 9)]   2
            346 [(0, 4), (1, 5), (2, 3), (6, 8), (7, 9)]   4
            347 [(0, 4), (1, 5), (2, 3), (6, 9), (7, 8)]   3
            348 [(0, 4), (1, 5), (2, 6), (3, 7), (8, 9)]   5
            349 [(0, 4), (1, 5), (2, 6), (3, 8), (7, 9)]   3
            350 [(0, 4), (1, 5), (2, 6), (3, 9), (7, 8)]   0
            351 [(0, 4), (1, 5), (2, 7), (3, 6), (8, 9)]   3
            352 [(0, 4), (1, 5), (2, 7), (3, 8), (6, 9)]   5
            353 [(0, 4), (1, 5), (2, 7), (3, 9), (6, 8)]   1
            354 [(0, 4), (1, 5), (2, 8), (3, 6), (7, 9)]   0
            355 [(0, 4), (1, 5), (2, 8), (3, 7), (6, 9)]   2
            356 [(0, 4), (1, 5), (2, 8), (3, 9), (6, 7)]   5
            357 [(0, 4), (1, 5), (2, 9), (3, 6), (7, 8)]   1
            358 [(0, 4), (1, 5), (2, 9), (3, 7), (6, 8)]   3
            359 [(0, 4), (1, 5), (2, 9), (3, 8), (6, 7)]   0
            360 [(0, 4), (1, 6), (2, 3), (5, 7), (8, 9)]   3
            361 [(0, 4), (1, 6), (2, 3), (5, 8), (7, 9)]   1
            362 [(0, 4), (1, 6), (2, 3), (5, 9), (7, 8)]   4
            363 [(0, 4), (1, 6), (2, 5), (3, 7), (8, 9)]   4
            364 [(0, 4), (1, 6), (2, 5), (3, 8), (7, 9)]   0
            365 [(0, 4), (1, 6), (2, 5), (3, 9), (7, 8)]   1
            366 [(0, 4), (1, 6), (2, 7), (3, 5), (8, 9)]   1
            367 [(0, 4), (1, 6), (2, 7), (3, 8), (5, 9)]   2
            368 [(0, 4), (1, 6), (2, 7), (3, 9), (5, 8)]   4
            369 [(0, 4), (1, 6), (2, 8), (3, 5), (7, 9)]   4
            370 [(0, 4), (1, 6), (2, 8), (3, 7), (5, 9)]   1
            371 [(0, 4), (1, 6), (2, 8), (3, 9), (5, 7)]   0
            372 [(0, 4), (1, 6), (2, 9), (3, 5), (7, 8)]   3
            373 [(0, 4), (1, 6), (2, 9), (3, 7), (5, 8)]   0
            374 [(0, 4), (1, 6), (2, 9), (3, 8), (5, 7)]   5
            375 [(0, 4), (1, 7), (2, 3), (5, 6), (8, 9)]   4
            376 [(0, 4), (1, 7), (2, 3), (5, 8), (6, 9)]   0
            377 [(0, 4), (1, 7), (2, 3), (5, 9), (6, 8)]   1
            378 [(0, 4), (1, 7), (2, 5), (3, 6), (8, 9)]   0
            379 [(0, 4), (1, 7), (2, 5), (3, 8), (6, 9)]   2
            380 [(0, 4), (1, 7), (2, 5), (3, 9), (6, 8)]   4
            381 [(0, 4), (1, 7), (2, 6), (3, 5), (8, 9)]   3
            382 [(0, 4), (1, 7), (2, 6), (3, 8), (5, 9)]   4
            383 [(0, 4), (1, 7), (2, 6), (3, 9), (5, 8)]   2
            384 [(0, 4), (1, 7), (2, 8), (3, 5), (6, 9)]   5
            385 [(0, 4), (1, 7), (2, 8), (3, 6), (5, 9)]   2
            386 [(0, 4), (1, 7), (2, 8), (3, 9), (5, 6)]   3
            387 [(0, 4), (1, 7), (2, 9), (3, 5), (6, 8)]   2
            388 [(0, 4), (1, 7), (2, 9), (3, 6), (5, 8)]   4
            389 [(0, 4), (1, 7), (2, 9), (3, 8), (5, 6)]   1
            390 [(0, 4), (1, 8), (2, 3), (5, 6), (7, 9)]   3
            391 [(0, 4), (1, 8), (2, 3), (5, 7), (6, 9)]   1
            392 [(0, 4), (1, 8), (2, 3), (5, 9), (6, 7)]   0
            393 [(0, 4), (1, 8), (2, 5), (3, 6), (7, 9)]   1
            394 [(0, 4), (1, 8), (2, 5), (3, 7), (6, 9)]   0
            395 [(0, 4), (1, 8), (2, 5), (3, 9), (6, 7)]   3
            396 [(0, 4), (1, 8), (2, 6), (3, 5), (7, 9)]   0
            397 [(0, 4), (1, 8), (2, 6), (3, 7), (5, 9)]   2
            398 [(0, 4), (1, 8), (2, 6), (3, 9), (5, 7)]   4
            399 [(0, 4), (1, 8), (2, 7), (3, 5), (6, 9)]   3
            400 [(0, 4), (1, 8), (2, 7), (3, 6), (5, 9)]   4
            401 [(0, 4), (1, 8), (2, 7), (3, 9), (5, 6)]   2
            402 [(0, 4), (1, 8), (2, 9), (3, 5), (6, 7)]   1
            403 [(0, 4), (1, 8), (2, 9), (3, 6), (5, 7)]   3
            404 [(0, 4), (1, 8), (2, 9), (3, 7), (5, 6)]   5
            405 [(0, 4), (1, 9), (2, 3), (5, 6), (7, 8)]   2
            406 [(0, 4), (1, 9), (2, 3), (5, 7), (6, 8)]   0
            407 [(0, 4), (1, 9), (2, 3), (5, 8), (6, 7)]   4
            408 [(0, 4), (1, 9), (2, 5), (3, 6), (7, 8)]   3
            409 [(0, 4), (1, 9), (2, 5), (3, 7), (6, 8)]   2
            410 [(0, 4), (1, 9), (2, 5), (3, 8), (6, 7)]   5
            411 [(0, 4), (1, 9), (2, 6), (3, 5), (7, 8)]   4
            412 [(0, 4), (1, 9), (2, 6), (3, 7), (5, 8)]   3
            413 [(0, 4), (1, 9), (2, 6), (3, 8), (5, 7)]   1
            414 [(0, 4), (1, 9), (2, 7), (3, 5), (6, 8)]   5
            415 [(0, 4), (1, 9), (2, 7), (3, 6), (5, 8)]   2
            416 [(0, 4), (1, 9), (2, 7), (3, 8), (5, 6)]   4
            417 [(0, 4), (1, 9), (2, 8), (3, 5), (6, 7)]   2
            418 [(0, 4), (1, 9), (2, 8), (3, 6), (5, 7)]   5
            419 [(0, 4), (1, 9), (2, 8), (3, 7), (5, 6)]   0
            420 [(0, 5), (1, 2), (3, 4), (6, 7), (8, 9)]   0
            421 [(0, 5), (1, 2), (3, 4), (6, 8), (7, 9)]   3
            422 [(0, 5), (1, 2), (3, 4), (6, 9), (7, 8)]   5
            423 [(0, 5), (1, 2), (3, 6), (4, 7), (8, 9)]   2
            424 [(0, 5), (1, 2), (3, 6), (4, 8), (7, 9)]   5
            425 [(0, 5), (1, 2), (3, 6), (4, 9), (7, 8)]   4
            426 [(0, 5), (1, 2), (3, 7), (4, 6), (8, 9)]   1
            427 [(0, 5), (1, 2), (3, 7), (4, 8), (6, 9)]   2
            428 [(0, 5), (1, 2), (3, 7), (4, 9), (6, 8)]   0
            429 [(0, 5), (1, 2), (3, 8), (4, 6), (7, 9)]   2
            430 [(0, 5), (1, 2), (3, 8), (4, 7), (6, 9)]   3
            431 [(0, 5), (1, 2), (3, 8), (4, 9), (6, 7)]   1
            432 [(0, 5), (1, 2), (3, 9), (4, 6), (7, 8)]   0
            433 [(0, 5), (1, 2), (3, 9), (4, 7), (6, 8)]   5
            434 [(0, 5), (1, 2), (3, 9), (4, 8), (6, 7)]   3
            435 [(0, 5), (1, 3), (2, 4), (6, 7), (8, 9)]   2
            436 [(0, 5), (1, 3), (2, 4), (6, 8), (7, 9)]   0
            437 [(0, 5), (1, 3), (2, 4), (6, 9), (7, 8)]   3
            438 [(0, 5), (1, 3), (2, 6), (4, 7), (8, 9)]   0
            439 [(0, 5), (1, 3), (2, 6), (4, 8), (7, 9)]   1
            440 [(0, 5), (1, 3), (2, 6), (4, 9), (7, 8)]   2
            441 [(0, 5), (1, 3), (2, 7), (4, 6), (8, 9)]   3
            442 [(0, 5), (1, 3), (2, 7), (4, 8), (6, 9)]   0
            443 [(0, 5), (1, 3), (2, 7), (4, 9), (6, 8)]   1
            444 [(0, 5), (1, 3), (2, 8), (4, 6), (7, 9)]   4
            445 [(0, 5), (1, 3), (2, 8), (4, 7), (6, 9)]   5
            446 [(0, 5), (1, 3), (2, 8), (4, 9), (6, 7)]   0
            447 [(0, 5), (1, 3), (2, 9), (4, 6), (7, 8)]   5
            448 [(0, 5), (1, 3), (2, 9), (4, 7), (6, 8)]   2
            449 [(0, 5), (1, 3), (2, 9), (4, 8), (6, 7)]   4
            450 [(0, 5), (1, 4), (2, 3), (6, 7), (8, 9)]   3
            451 [(0, 5), (1, 4), (2, 3), (6, 8), (7, 9)]   5
            452 [(0, 5), (1, 4), (2, 3), (6, 9), (7, 8)]   1
            453 [(0, 5), (1, 4), (2, 6), (3, 7), (8, 9)]   2
            454 [(0, 5), (1, 4), (2, 6), (3, 8), (7, 9)]   0
            455 [(0, 5), (1, 4), (2, 6), (3, 9), (7, 8)]   3
            456 [(0, 5), (1, 4), (2, 7), (3, 6), (8, 9)]   5
            457 [(0, 5), (1, 4), (2, 7), (3, 8), (6, 9)]   4
            458 [(0, 5), (1, 4), (2, 7), (3, 9), (6, 8)]   0
            459 [(0, 5), (1, 4), (2, 8), (3, 6), (7, 9)]   2
            460 [(0, 5), (1, 4), (2, 8), (3, 7), (6, 9)]   0
            461 [(0, 5), (1, 4), (2, 8), (3, 9), (6, 7)]   4
            462 [(0, 5), (1, 4), (2, 9), (3, 6), (7, 8)]   0
            463 [(0, 5), (1, 4), (2, 9), (3, 7), (6, 8)]   4
            464 [(0, 5), (1, 4), (2, 9), (3, 8), (6, 7)]   2
            465 [(0, 5), (1, 6), (2, 3), (4, 7), (8, 9)]   5
            466 [(0, 5), (1, 6), (2, 3), (4, 8), (7, 9)]   2
            467 [(0, 5), (1, 6), (2, 3), (4, 9), (7, 8)]   0
            468 [(0, 5), (1, 6), (2, 4), (3, 7), (8, 9)]   0
            469 [(0, 5), (1, 6), (2, 4), (3, 8), (7, 9)]   5
            470 [(0, 5), (1, 6), (2, 4), (3, 9), (7, 8)]   4
            471 [(0, 5), (1, 6), (2, 7), (3, 4), (8, 9)]   4
            472 [(0, 5), (1, 6), (2, 7), (3, 8), (4, 9)]   3
            473 [(0, 5), (1, 6), (2, 7), (3, 9), (4, 8)]   5
            474 [(0, 5), (1, 6), (2, 8), (3, 4), (7, 9)]   0
            475 [(0, 5), (1, 6), (2, 8), (3, 7), (4, 9)]   4
            476 [(0, 5), (1, 6), (2, 8), (3, 9), (4, 7)]   3
            477 [(0, 5), (1, 6), (2, 9), (3, 4), (7, 8)]   2
            478 [(0, 5), (1, 6), (2, 9), (3, 7), (4, 8)]   1
            479 [(0, 5), (1, 6), (2, 9), (3, 8), (4, 7)]   0
            480 [(0, 5), (1, 7), (2, 3), (4, 6), (8, 9)]   0
            481 [(0, 5), (1, 7), (2, 3), (4, 8), (6, 9)]   5
            482 [(0, 5), (1, 7), (2, 3), (4, 9), (6, 8)]   2
            483 [(0, 5), (1, 7), (2, 4), (3, 6), (8, 9)]   4
            484 [(0, 5), (1, 7), (2, 4), (3, 8), (6, 9)]   1
            485 [(0, 5), (1, 7), (2, 4), (3, 9), (6, 8)]   3
            486 [(0, 5), (1, 7), (2, 6), (3, 4), (8, 9)]   1
            487 [(0, 5), (1, 7), (2, 6), (3, 8), (4, 9)]   5
            488 [(0, 5), (1, 7), (2, 6), (3, 9), (4, 8)]   0
            489 [(0, 5), (1, 7), (2, 8), (3, 4), (6, 9)]   2
            490 [(0, 5), (1, 7), (2, 8), (3, 6), (4, 9)]   1
            491 [(0, 5), (1, 7), (2, 8), (3, 9), (4, 6)]   5
            492 [(0, 5), (1, 7), (2, 9), (3, 4), (6, 8)]   5
            493 [(0, 5), (1, 7), (2, 9), (3, 6), (4, 8)]   2
            494 [(0, 5), (1, 7), (2, 9), (3, 8), (4, 6)]   3
            495 [(0, 5), (1, 8), (2, 3), (4, 6), (7, 9)]   1
            496 [(0, 5), (1, 8), (2, 3), (4, 7), (6, 9)]   0
            497 [(0, 5), (1, 8), (2, 3), (4, 9), (6, 7)]   4
            498 [(0, 5), (1, 8), (2, 4), (3, 6), (7, 9)]   3
            499 [(0, 5), (1, 8), (2, 4), (3, 7), (6, 9)]   4
            500 [(0, 5), (1, 8), (2, 4), (3, 9), (6, 7)]   1
            501 [(0, 5), (1, 8), (2, 6), (3, 4), (7, 9)]   4
            502 [(0, 5), (1, 8), (2, 6), (3, 7), (4, 9)]   1
            503 [(0, 5), (1, 8), (2, 6), (3, 9), (4, 7)]   2
            504 [(0, 5), (1, 8), (2, 7), (3, 4), (6, 9)]   1
            505 [(0, 5), (1, 8), (2, 7), (3, 6), (4, 9)]   0
            506 [(0, 5), (1, 8), (2, 7), (3, 9), (4, 6)]   4
            507 [(0, 5), (1, 8), (2, 9), (3, 4), (6, 7)]   3
            508 [(0, 5), (1, 8), (2, 9), (3, 6), (4, 7)]   5
            509 [(0, 5), (1, 8), (2, 9), (3, 7), (4, 6)]   0
            510 [(0, 5), (1, 9), (2, 3), (4, 6), (7, 8)]   4
            511 [(0, 5), (1, 9), (2, 3), (4, 7), (6, 8)]   3
            512 [(0, 5), (1, 9), (2, 3), (4, 8), (6, 7)]   1
            513 [(0, 5), (1, 9), (2, 4), (3, 6), (7, 8)]   2
            514 [(0, 5), (1, 9), (2, 4), (3, 7), (6, 8)]   1
            515 [(0, 5), (1, 9), (2, 4), (3, 8), (6, 7)]   3
            516 [(0, 5), (1, 9), (2, 6), (3, 4), (7, 8)]   0
            517 [(0, 5), (1, 9), (2, 6), (3, 7), (4, 8)]   5
            518 [(0, 5), (1, 9), (2, 6), (3, 8), (4, 7)]   4
            519 [(0, 5), (1, 9), (2, 7), (3, 4), (6, 8)]   2
            520 [(0, 5), (1, 9), (2, 7), (3, 6), (4, 8)]   3
            521 [(0, 5), (1, 9), (2, 7), (3, 8), (4, 6)]   5
            522 [(0, 5), (1, 9), (2, 8), (3, 4), (6, 7)]   5
            523 [(0, 5), (1, 9), (2, 8), (3, 6), (4, 7)]   0
            524 [(0, 5), (1, 9), (2, 8), (3, 7), (4, 6)]   3
            525 [(0, 6), (1, 2), (3, 4), (5, 7), (8, 9)]   5
            526 [(0, 6), (1, 2), (3, 4), (5, 8), (7, 9)]   2
            527 [(0, 6), (1, 2), (3, 4), (5, 9), (7, 8)]   4
            528 [(0, 6), (1, 2), (3, 5), (4, 7), (8, 9)]   4
            529 [(0, 6), (1, 2), (3, 5), (4, 8), (7, 9)]   0
            530 [(0, 6), (1, 2), (3, 5), (4, 9), (7, 8)]   3
            531 [(0, 6), (1, 2), (3, 7), (4, 5), (8, 9)]   0
            532 [(0, 6), (1, 2), (3, 7), (4, 8), (5, 9)]   1
            533 [(0, 6), (1, 2), (3, 7), (4, 9), (5, 8)]   4
            534 [(0, 6), (1, 2), (3, 8), (4, 5), (7, 9)]   1
            535 [(0, 6), (1, 2), (3, 8), (4, 7), (5, 9)]   0
            536 [(0, 6), (1, 2), (3, 8), (4, 9), (5, 7)]   2
            537 [(0, 6), (1, 2), (3, 9), (4, 5), (7, 8)]   5
            538 [(0, 6), (1, 2), (3, 9), (4, 7), (5, 8)]   3
            539 [(0, 6), (1, 2), (3, 9), (4, 8), (5, 7)]   4
            540 [(0, 6), (1, 3), (2, 4), (5, 7), (8, 9)]   1
            541 [(0, 6), (1, 3), (2, 4), (5, 8), (7, 9)]   5
            542 [(0, 6), (1, 3), (2, 4), (5, 9), (7, 8)]   0
            543 [(0, 6), (1, 3), (2, 5), (4, 7), (8, 9)]   2
            544 [(0, 6), (1, 3), (2, 5), (4, 8), (7, 9)]   4
            545 [(0, 6), (1, 3), (2, 5), (4, 9), (7, 8)]   5
            546 [(0, 6), (1, 3), (2, 7), (4, 5), (8, 9)]   4
            547 [(0, 6), (1, 3), (2, 7), (4, 8), (5, 9)]   5
            548 [(0, 6), (1, 3), (2, 7), (4, 9), (5, 8)]   0
            549 [(0, 6), (1, 3), (2, 8), (4, 5), (7, 9)]   3
            550 [(0, 6), (1, 3), (2, 8), (4, 7), (5, 9)]   1
            551 [(0, 6), (1, 3), (2, 8), (4, 9), (5, 7)]   4
            552 [(0, 6), (1, 3), (2, 9), (4, 5), (7, 8)]   2
            553 [(0, 6), (1, 3), (2, 9), (4, 7), (5, 8)]   4
            554 [(0, 6), (1, 3), (2, 9), (4, 8), (5, 7)]   0
            555 [(0, 6), (1, 4), (2, 3), (5, 7), (8, 9)]   4
            556 [(0, 6), (1, 4), (2, 3), (5, 8), (7, 9)]   0
            557 [(0, 6), (1, 4), (2, 3), (5, 9), (7, 8)]   5
            558 [(0, 6), (1, 4), (2, 5), (3, 7), (8, 9)]   5
            559 [(0, 6), (1, 4), (2, 5), (3, 8), (7, 9)]   2
            560 [(0, 6), (1, 4), (2, 5), (3, 9), (7, 8)]   0
            561 [(0, 6), (1, 4), (2, 7), (3, 5), (8, 9)]   3
            562 [(0, 6), (1, 4), (2, 7), (3, 8), (5, 9)]   1
            563 [(0, 6), (1, 4), (2, 7), (3, 9), (5, 8)]   2
            564 [(0, 6), (1, 4), (2, 8), (3, 5), (7, 9)]   5
            565 [(0, 6), (1, 4), (2, 8), (3, 7), (5, 9)]   2
            566 [(0, 6), (1, 4), (2, 8), (3, 9), (5, 7)]   1
            567 [(0, 6), (1, 4), (2, 9), (3, 5), (7, 8)]   4
            568 [(0, 6), (1, 4), (2, 9), (3, 7), (5, 8)]   1
            569 [(0, 6), (1, 4), (2, 9), (3, 8), (5, 7)]   3
            570 [(0, 6), (1, 5), (2, 3), (4, 7), (8, 9)]   0
            571 [(0, 6), (1, 5), (2, 3), (4, 8), (7, 9)]   5
            572 [(0, 6), (1, 5), (2, 3), (4, 9), (7, 8)]   1
            573 [(0, 6), (1, 5), (2, 4), (3, 7), (8, 9)]   3
            574 [(0, 6), (1, 5), (2, 4), (3, 8), (7, 9)]   0
            575 [(0, 6), (1, 5), (2, 4), (3, 9), (7, 8)]   2
            576 [(0, 6), (1, 5), (2, 7), (3, 4), (8, 9)]   2
            577 [(0, 6), (1, 5), (2, 7), (3, 8), (4, 9)]   4
            578 [(0, 6), (1, 5), (2, 7), (3, 9), (4, 8)]   0
            579 [(0, 6), (1, 5), (2, 8), (3, 4), (7, 9)]   1
            580 [(0, 6), (1, 5), (2, 8), (3, 7), (4, 9)]   0
            581 [(0, 6), (1, 5), (2, 8), (3, 9), (4, 7)]   4
            582 [(0, 6), (1, 5), (2, 9), (3, 4), (7, 8)]   3
            583 [(0, 6), (1, 5), (2, 9), (3, 7), (4, 8)]   4
            584 [(0, 6), (1, 5), (2, 9), (3, 8), (4, 7)]   2
            585 [(0, 6), (1, 7), (2, 3), (4, 5), (8, 9)]   1
            586 [(0, 6), (1, 7), (2, 3), (4, 8), (5, 9)]   0
            587 [(0, 6), (1, 7), (2, 3), (4, 9), (5, 8)]   3
            588 [(0, 6), (1, 7), (2, 4), (3, 5), (8, 9)]   5
            589 [(0, 6), (1, 7), (2, 4), (3, 8), (5, 9)]   3
            590 [(0, 6), (1, 7), (2, 4), (3, 9), (5, 8)]   1
            591 [(0, 6), (1, 7), (2, 5), (3, 4), (8, 9)]   4
            592 [(0, 6), (1, 7), (2, 5), (3, 8), (4, 9)]   0
            593 [(0, 6), (1, 7), (2, 5), (3, 9), (4, 8)]   3
            594 [(0, 6), (1, 7), (2, 8), (3, 4), (5, 9)]   5
            595 [(0, 6), (1, 7), (2, 8), (3, 5), (4, 9)]   2
            596 [(0, 6), (1, 7), (2, 8), (3, 9), (4, 5)]   0
            597 [(0, 6), (1, 7), (2, 9), (3, 4), (5, 8)]   0
            598 [(0, 6), (1, 7), (2, 9), (3, 5), (4, 8)]   1
            599 [(0, 6), (1, 7), (2, 9), (3, 8), (4, 5)]   4
            600 [(0, 6), (1, 8), (2, 3), (4, 5), (7, 9)]   4
            601 [(0, 6), (1, 8), (2, 3), (4, 7), (5, 9)]   2
            602 [(0, 6), (1, 8), (2, 3), (4, 9), (5, 7)]   0
            603 [(0, 6), (1, 8), (2, 4), (3, 5), (7, 9)]   2
            604 [(0, 6), (1, 8), (2, 4), (3, 7), (5, 9)]   5
            605 [(0, 6), (1, 8), (2, 4), (3, 9), (5, 7)]   3
            606 [(0, 6), (1, 8), (2, 5), (3, 4), (7, 9)]   3
            607 [(0, 6), (1, 8), (2, 5), (3, 7), (4, 9)]   2
            608 [(0, 6), (1, 8), (2, 5), (3, 9), (4, 7)]   5
            609 [(0, 6), (1, 8), (2, 7), (3, 4), (5, 9)]   0
            610 [(0, 6), (1, 8), (2, 7), (3, 5), (4, 9)]   5
            611 [(0, 6), (1, 8), (2, 7), (3, 9), (4, 5)]   1
            612 [(0, 6), (1, 8), (2, 9), (3, 4), (5, 7)]   1
            613 [(0, 6), (1, 8), (2, 9), (3, 5), (4, 7)]   0
            614 [(0, 6), (1, 8), (2, 9), (3, 7), (4, 5)]   3
            615 [(0, 6), (1, 9), (2, 3), (4, 5), (7, 8)]   0
            616 [(0, 6), (1, 9), (2, 3), (4, 7), (5, 8)]   5
            617 [(0, 6), (1, 9), (2, 3), (4, 8), (5, 7)]   3
            618 [(0, 6), (1, 9), (2, 4), (3, 5), (7, 8)]   1
            619 [(0, 6), (1, 9), (2, 4), (3, 7), (5, 8)]   2
            620 [(0, 6), (1, 9), (2, 4), (3, 8), (5, 7)]   5
            621 [(0, 6), (1, 9), (2, 5), (3, 4), (7, 8)]   2
            622 [(0, 6), (1, 9), (2, 5), (3, 7), (4, 8)]   0
            623 [(0, 6), (1, 9), (2, 5), (3, 8), (4, 7)]   1
            624 [(0, 6), (1, 9), (2, 7), (3, 4), (5, 8)]   3
            625 [(0, 6), (1, 9), (2, 7), (3, 5), (4, 8)]   4
            626 [(0, 6), (1, 9), (2, 7), (3, 8), (4, 5)]   2
            627 [(0, 6), (1, 9), (2, 8), (3, 4), (5, 7)]   0
            628 [(0, 6), (1, 9), (2, 8), (3, 5), (4, 7)]   3
            629 [(0, 6), (1, 9), (2, 8), (3, 7), (4, 5)]   5
            630 [(0, 7), (1, 2), (3, 4), (5, 6), (8, 9)]   4
            631 [(0, 7), (1, 2), (3, 4), (5, 8), (6, 9)]   3
            632 [(0, 7), (1, 2), (3, 4), (5, 9), (6, 8)]   5
            633 [(0, 7), (1, 2), (3, 5), (4, 6), (8, 9)]   0
            634 [(0, 7), (1, 2), (3, 5), (4, 8), (6, 9)]   5
            635 [(0, 7), (1, 2), (3, 5), (4, 9), (6, 8)]   2
            636 [(0, 7), (1, 2), (3, 6), (4, 5), (8, 9)]   5
            637 [(0, 7), (1, 2), (3, 6), (4, 8), (5, 9)]   3
            638 [(0, 7), (1, 2), (3, 6), (4, 9), (5, 8)]   1
            639 [(0, 7), (1, 2), (3, 8), (4, 5), (6, 9)]   4
            640 [(0, 7), (1, 2), (3, 8), (4, 6), (5, 9)]   1
            641 [(0, 7), (1, 2), (3, 8), (4, 9), (5, 6)]   3
            642 [(0, 7), (1, 2), (3, 9), (4, 5), (6, 8)]   0
            643 [(0, 7), (1, 2), (3, 9), (4, 6), (5, 8)]   5
            644 [(0, 7), (1, 2), (3, 9), (4, 8), (5, 6)]   1
            645 [(0, 7), (1, 3), (2, 4), (5, 6), (8, 9)]   0
            646 [(0, 7), (1, 3), (2, 4), (5, 8), (6, 9)]   4
            647 [(0, 7), (1, 3), (2, 4), (5, 9), (6, 8)]   1
            648 [(0, 7), (1, 3), (2, 5), (4, 6), (8, 9)]   4
            649 [(0, 7), (1, 3), (2, 5), (4, 8), (6, 9)]   1
            650 [(0, 7), (1, 3), (2, 5), (4, 9), (6, 8)]   0
            651 [(0, 7), (1, 3), (2, 6), (4, 5), (8, 9)]   1
            652 [(0, 7), (1, 3), (2, 6), (4, 8), (5, 9)]   4
            653 [(0, 7), (1, 3), (2, 6), (4, 9), (5, 8)]   3
            654 [(0, 7), (1, 3), (2, 8), (4, 5), (6, 9)]   0
            655 [(0, 7), (1, 3), (2, 8), (4, 6), (5, 9)]   3
            656 [(0, 7), (1, 3), (2, 8), (4, 9), (5, 6)]   1
            657 [(0, 7), (1, 3), (2, 9), (4, 5), (6, 8)]   5
            658 [(0, 7), (1, 3), (2, 9), (4, 6), (5, 8)]   1
            659 [(0, 7), (1, 3), (2, 9), (4, 8), (5, 6)]   3
            660 [(0, 7), (1, 4), (2, 3), (5, 6), (8, 9)]   1
            661 [(0, 7), (1, 4), (2, 3), (5, 8), (6, 9)]   2
            662 [(0, 7), (1, 4), (2, 3), (5, 9), (6, 8)]   0
            663 [(0, 7), (1, 4), (2, 5), (3, 6), (8, 9)]   2
            664 [(0, 7), (1, 4), (2, 5), (3, 8), (6, 9)]   0
            665 [(0, 7), (1, 4), (2, 5), (3, 9), (6, 8)]   5
            666 [(0, 7), (1, 4), (2, 6), (3, 5), (8, 9)]   5
            667 [(0, 7), (1, 4), (2, 6), (3, 8), (5, 9)]   3
            668 [(0, 7), (1, 4), (2, 6), (3, 9), (5, 8)]   1
            669 [(0, 7), (1, 4), (2, 8), (3, 5), (6, 9)]   3
            670 [(0, 7), (1, 4), (2, 8), (3, 6), (5, 9)]   5
            671 [(0, 7), (1, 4), (2, 8), (3, 9), (5, 6)]   2
            672 [(0, 7), (1, 4), (2, 9), (3, 5), (6, 8)]   1
            673 [(0, 7), (1, 4), (2, 9), (3, 6), (5, 8)]   3
            674 [(0, 7), (1, 4), (2, 9), (3, 8), (5, 6)]   5
            675 [(0, 7), (1, 5), (2, 3), (4, 6), (8, 9)]   5
            676 [(0, 7), (1, 5), (2, 3), (4, 8), (6, 9)]   4
            677 [(0, 7), (1, 5), (2, 3), (4, 9), (6, 8)]   3
            678 [(0, 7), (1, 5), (2, 4), (3, 6), (8, 9)]   1
            679 [(0, 7), (1, 5), (2, 4), (3, 8), (6, 9)]   2
            680 [(0, 7), (1, 5), (2, 4), (3, 9), (6, 8)]   4
            681 [(0, 7), (1, 5), (2, 6), (3, 4), (8, 9)]   0
            682 [(0, 7), (1, 5), (2, 6), (3, 8), (4, 9)]   1
            683 [(0, 7), (1, 5), (2, 6), (3, 9), (4, 8)]   5
            684 [(0, 7), (1, 5), (2, 8), (3, 4), (6, 9)]   5
            685 [(0, 7), (1, 5), (2, 8), (3, 6), (4, 9)]   4
            686 [(0, 7), (1, 5), (2, 8), (3, 9), (4, 6)]   0
            687 [(0, 7), (1, 5), (2, 9), (3, 4), (6, 8)]   2
            688 [(0, 7), (1, 5), (2, 9), (3, 6), (4, 8)]   0
            689 [(0, 7), (1, 5), (2, 9), (3, 8), (4, 6)]   4
            690 [(0, 7), (1, 6), (2, 3), (4, 5), (8, 9)]   0
            691 [(0, 7), (1, 6), (2, 3), (4, 8), (5, 9)]   1
            692 [(0, 7), (1, 6), (2, 3), (4, 9), (5, 8)]   4
            693 [(0, 7), (1, 6), (2, 4), (3, 5), (8, 9)]   2
            694 [(0, 7), (1, 6), (2, 4), (3, 8), (5, 9)]   0
            695 [(0, 7), (1, 6), (2, 4), (3, 9), (5, 8)]   3
            696 [(0, 7), (1, 6), (2, 5), (3, 4), (8, 9)]   3
            697 [(0, 7), (1, 6), (2, 5), (3, 8), (4, 9)]   5
            698 [(0, 7), (1, 6), (2, 5), (3, 9), (4, 8)]   0
            699 [(0, 7), (1, 6), (2, 8), (3, 4), (5, 9)]   2
            700 [(0, 7), (1, 6), (2, 8), (3, 5), (4, 9)]   0
            701 [(0, 7), (1, 6), (2, 8), (3, 9), (4, 5)]   1
            702 [(0, 7), (1, 6), (2, 9), (3, 4), (5, 8)]   5
            703 [(0, 7), (1, 6), (2, 9), (3, 5), (4, 8)]   4
            704 [(0, 7), (1, 6), (2, 9), (3, 8), (4, 5)]   2
            705 [(0, 7), (1, 8), (2, 3), (4, 5), (6, 9)]   5
            706 [(0, 7), (1, 8), (2, 3), (4, 6), (5, 9)]   4
            707 [(0, 7), (1, 8), (2, 3), (4, 9), (5, 6)]   2
            708 [(0, 7), (1, 8), (2, 4), (3, 5), (6, 9)]   1
            709 [(0, 7), (1, 8), (2, 4), (3, 6), (5, 9)]   2
            710 [(0, 7), (1, 8), (2, 4), (3, 9), (5, 6)]   5
            711 [(0, 7), (1, 8), (2, 5), (3, 4), (6, 9)]   4
            712 [(0, 7), (1, 8), (2, 5), (3, 6), (4, 9)]   3
            713 [(0, 7), (1, 8), (2, 5), (3, 9), (4, 6)]   1
            714 [(0, 7), (1, 8), (2, 6), (3, 4), (5, 9)]   1
            715 [(0, 7), (1, 8), (2, 6), (3, 5), (4, 9)]   4
            716 [(0, 7), (1, 8), (2, 6), (3, 9), (4, 5)]   3
            717 [(0, 7), (1, 8), (2, 9), (3, 4), (5, 6)]   0
            718 [(0, 7), (1, 8), (2, 9), (3, 5), (4, 6)]   3
            719 [(0, 7), (1, 8), (2, 9), (3, 6), (4, 5)]   1
            720 [(0, 7), (1, 9), (2, 3), (4, 5), (6, 8)]   4
            721 [(0, 7), (1, 9), (2, 3), (4, 6), (5, 8)]   3
            722 [(0, 7), (1, 9), (2, 3), (4, 8), (5, 6)]   0
            723 [(0, 7), (1, 9), (2, 4), (3, 5), (6, 8)]   0
            724 [(0, 7), (1, 9), (2, 4), (3, 6), (5, 8)]   5
            725 [(0, 7), (1, 9), (2, 4), (3, 8), (5, 6)]   1
            726 [(0, 7), (1, 9), (2, 5), (3, 4), (6, 8)]   1
            727 [(0, 7), (1, 9), (2, 5), (3, 6), (4, 8)]   4
            728 [(0, 7), (1, 9), (2, 5), (3, 8), (4, 6)]   2
            729 [(0, 7), (1, 9), (2, 6), (3, 4), (5, 8)]   4
            730 [(0, 7), (1, 9), (2, 6), (3, 5), (4, 8)]   1
            731 [(0, 7), (1, 9), (2, 6), (3, 8), (4, 5)]   0
            732 [(0, 7), (1, 9), (2, 8), (3, 4), (5, 6)]   3
            733 [(0, 7), (1, 9), (2, 8), (3, 5), (4, 6)]   5
            734 [(0, 7), (1, 9), (2, 8), (3, 6), (4, 5)]   2
            735 [(0, 8), (1, 2), (3, 4), (5, 6), (7, 9)]   0
            736 [(0, 8), (1, 2), (3, 4), (5, 7), (6, 9)]   4
            737 [(0, 8), (1, 2), (3, 4), (5, 9), (6, 7)]   1
            738 [(0, 8), (1, 2), (3, 5), (4, 6), (7, 9)]   5
            739 [(0, 8), (1, 2), (3, 5), (4, 7), (6, 9)]   1
            740 [(0, 8), (1, 2), (3, 5), (4, 9), (6, 7)]   0
            741 [(0, 8), (1, 2), (3, 6), (4, 5), (7, 9)]   2
            742 [(0, 8), (1, 2), (3, 6), (4, 7), (5, 9)]   4
            743 [(0, 8), (1, 2), (3, 6), (4, 9), (5, 7)]   3
            744 [(0, 8), (1, 2), (3, 7), (4, 5), (6, 9)]   3
            745 [(0, 8), (1, 2), (3, 7), (4, 6), (5, 9)]   0
            746 [(0, 8), (1, 2), (3, 7), (4, 9), (5, 6)]   5
            747 [(0, 8), (1, 2), (3, 9), (4, 5), (6, 7)]   4
            748 [(0, 8), (1, 2), (3, 9), (4, 6), (5, 7)]   1
            749 [(0, 8), (1, 2), (3, 9), (4, 7), (5, 6)]   2
            750 [(0, 8), (1, 3), (2, 4), (5, 6), (7, 9)]   1
            751 [(0, 8), (1, 3), (2, 4), (5, 7), (6, 9)]   2
            752 [(0, 8), (1, 3), (2, 4), (5, 9), (6, 7)]   5
            753 [(0, 8), (1, 3), (2, 5), (4, 6), (7, 9)]   2
            754 [(0, 8), (1, 3), (2, 5), (4, 7), (6, 9)]   0
            755 [(0, 8), (1, 3), (2, 5), (4, 9), (6, 7)]   3
            756 [(0, 8), (1, 3), (2, 6), (4, 5), (7, 9)]   0
            757 [(0, 8), (1, 3), (2, 6), (4, 7), (5, 9)]   3
            758 [(0, 8), (1, 3), (2, 6), (4, 9), (5, 7)]   5
            759 [(0, 8), (1, 3), (2, 7), (4, 5), (6, 9)]   5
            760 [(0, 8), (1, 3), (2, 7), (4, 6), (5, 9)]   1
            761 [(0, 8), (1, 3), (2, 7), (4, 9), (5, 6)]   2
            762 [(0, 8), (1, 3), (2, 9), (4, 5), (6, 7)]   1
            763 [(0, 8), (1, 3), (2, 9), (4, 6), (5, 7)]   3
            764 [(0, 8), (1, 3), (2, 9), (4, 7), (5, 6)]   5
            765 [(0, 8), (1, 4), (2, 3), (5, 6), (7, 9)]   2
            766 [(0, 8), (1, 4), (2, 3), (5, 7), (6, 9)]   3
            767 [(0, 8), (1, 4), (2, 3), (5, 9), (6, 7)]   4
            768 [(0, 8), (1, 4), (2, 5), (3, 6), (7, 9)]   3
            769 [(0, 8), (1, 4), (2, 5), (3, 7), (6, 9)]   1
            770 [(0, 8), (1, 4), (2, 5), (3, 9), (6, 7)]   2
            771 [(0, 8), (1, 4), (2, 6), (3, 5), (7, 9)]   4
            772 [(0, 8), (1, 4), (2, 6), (3, 7), (5, 9)]   5
            773 [(0, 8), (1, 4), (2, 6), (3, 9), (5, 7)]   0
            774 [(0, 8), (1, 4), (2, 7), (3, 5), (6, 9)]   2
            775 [(0, 8), (1, 4), (2, 7), (3, 6), (5, 9)]   0
            776 [(0, 8), (1, 4), (2, 7), (3, 9), (5, 6)]   3
            777 [(0, 8), (1, 4), (2, 9), (3, 5), (6, 7)]   5
            778 [(0, 8), (1, 4), (2, 9), (3, 6), (5, 7)]   1
            779 [(0, 8), (1, 4), (2, 9), (3, 7), (5, 6)]   0
            780 [(0, 8), (1, 5), (2, 3), (4, 6), (7, 9)]   0
            781 [(0, 8), (1, 5), (2, 3), (4, 7), (6, 9)]   2
            782 [(0, 8), (1, 5), (2, 3), (4, 9), (6, 7)]   5
            783 [(0, 8), (1, 5), (2, 4), (3, 6), (7, 9)]   4
            784 [(0, 8), (1, 5), (2, 4), (3, 7), (6, 9)]   5
            785 [(0, 8), (1, 5), (2, 4), (3, 9), (6, 7)]   3
            786 [(0, 8), (1, 5), (2, 6), (3, 4), (7, 9)]   5
            787 [(0, 8), (1, 5), (2, 6), (3, 7), (4, 9)]   2
            788 [(0, 8), (1, 5), (2, 6), (3, 9), (4, 7)]   1
            789 [(0, 8), (1, 5), (2, 7), (3, 4), (6, 9)]   0
            790 [(0, 8), (1, 5), (2, 7), (3, 6), (4, 9)]   1
            791 [(0, 8), (1, 5), (2, 7), (3, 9), (4, 6)]   2
            792 [(0, 8), (1, 5), (2, 9), (3, 4), (6, 7)]   4
            793 [(0, 8), (1, 5), (2, 9), (3, 6), (4, 7)]   3
            794 [(0, 8), (1, 5), (2, 9), (3, 7), (4, 6)]   1
            795 [(0, 8), (1, 6), (2, 3), (4, 5), (7, 9)]   5
            796 [(0, 8), (1, 6), (2, 3), (4, 7), (5, 9)]   0
            797 [(0, 8), (1, 6), (2, 3), (4, 9), (5, 7)]   2
            798 [(0, 8), (1, 6), (2, 4), (3, 5), (7, 9)]   3
            799 [(0, 8), (1, 6), (2, 4), (3, 7), (5, 9)]   2
            800 [(0, 8), (1, 6), (2, 4), (3, 9), (5, 7)]   5
            801 [(0, 8), (1, 6), (2, 5), (3, 4), (7, 9)]   1
            802 [(0, 8), (1, 6), (2, 5), (3, 7), (4, 9)]   0
            803 [(0, 8), (1, 6), (2, 5), (3, 9), (4, 7)]   4
            804 [(0, 8), (1, 6), (2, 7), (3, 4), (5, 9)]   3
            805 [(0, 8), (1, 6), (2, 7), (3, 5), (4, 9)]   4
            806 [(0, 8), (1, 6), (2, 7), (3, 9), (4, 5)]   0
            807 [(0, 8), (1, 6), (2, 9), (3, 4), (5, 7)]   0
            808 [(0, 8), (1, 6), (2, 9), (3, 5), (4, 7)]   2
            809 [(0, 8), (1, 6), (2, 9), (3, 7), (4, 5)]   4
            810 [(0, 8), (1, 7), (2, 3), (4, 5), (6, 9)]   4
            811 [(0, 8), (1, 7), (2, 3), (4, 6), (5, 9)]   3
            812 [(0, 8), (1, 7), (2, 3), (4, 9), (5, 6)]   0
            813 [(0, 8), (1, 7), (2, 4), (3, 5), (6, 9)]   0
            814 [(0, 8), (1, 7), (2, 4), (3, 6), (5, 9)]   1
            815 [(0, 8), (1, 7), (2, 4), (3, 9), (5, 6)]   4
            816 [(0, 8), (1, 7), (2, 5), (3, 4), (6, 9)]   5
            817 [(0, 8), (1, 7), (2, 5), (3, 6), (4, 9)]   4
            818 [(0, 8), (1, 7), (2, 5), (3, 9), (4, 6)]   0
            819 [(0, 8), (1, 7), (2, 6), (3, 4), (5, 9)]   0
            820 [(0, 8), (1, 7), (2, 6), (3, 5), (4, 9)]   1
            821 [(0, 8), (1, 7), (2, 6), (3, 9), (4, 5)]   5
            822 [(0, 8), (1, 7), (2, 9), (3, 4), (5, 6)]   3
            823 [(0, 8), (1, 7), (2, 9), (3, 5), (4, 6)]   4
            824 [(0, 8), (1, 7), (2, 9), (3, 6), (4, 5)]   0
            825 [(0, 8), (1, 9), (2, 3), (4, 5), (6, 7)]   2
            826 [(0, 8), (1, 9), (2, 3), (4, 6), (5, 7)]   5
            827 [(0, 8), (1, 9), (2, 3), (4, 7), (5, 6)]   1
            828 [(0, 8), (1, 9), (2, 4), (3, 5), (6, 7)]   4
            829 [(0, 8), (1, 9), (2, 4), (3, 6), (5, 7)]   0
            830 [(0, 8), (1, 9), (2, 4), (3, 7), (5, 6)]   3
            831 [(0, 8), (1, 9), (2, 5), (3, 4), (6, 7)]   0
            832 [(0, 8), (1, 9), (2, 5), (3, 6), (4, 7)]   2
            833 [(0, 8), (1, 9), (2, 5), (3, 7), (4, 6)]   4
            834 [(0, 8), (1, 9), (2, 6), (3, 4), (5, 7)]   2
            835 [(0, 8), (1, 9), (2, 6), (3, 5), (4, 7)]   0
            836 [(0, 8), (1, 9), (2, 6), (3, 7), (4, 5)]   1
            837 [(0, 8), (1, 9), (2, 7), (3, 4), (5, 6)]   5
            838 [(0, 8), (1, 9), (2, 7), (3, 5), (4, 6)]   3
            839 [(0, 8), (1, 9), (2, 7), (3, 6), (4, 5)]   4
            840 [(0, 9), (1, 2), (3, 4), (5, 6), (7, 8)]   2
            841 [(0, 9), (1, 2), (3, 4), (5, 7), (6, 8)]   1
            842 [(0, 9), (1, 2), (3, 4), (5, 8), (6, 7)]   4
            843 [(0, 9), (1, 2), (3, 5), (4, 6), (7, 8)]   4
            844 [(0, 9), (1, 2), (3, 5), (4, 7), (6, 8)]   0
            845 [(0, 9), (1, 2), (3, 5), (4, 8), (6, 7)]   1
            846 [(0, 9), (1, 2), (3, 6), (4, 5), (7, 8)]   1
            847 [(0, 9), (1, 2), (3, 6), (4, 7), (5, 8)]   5
            848 [(0, 9), (1, 2), (3, 6), (4, 8), (5, 7)]   2
            849 [(0, 9), (1, 2), (3, 7), (4, 5), (6, 8)]   2
            850 [(0, 9), (1, 2), (3, 7), (4, 6), (5, 8)]   3
            851 [(0, 9), (1, 2), (3, 7), (4, 8), (5, 6)]   0
            852 [(0, 9), (1, 2), (3, 8), (4, 5), (6, 7)]   0
            853 [(0, 9), (1, 2), (3, 8), (4, 6), (5, 7)]   5
            854 [(0, 9), (1, 2), (3, 8), (4, 7), (5, 6)]   1
            855 [(0, 9), (1, 3), (2, 4), (5, 6), (7, 8)]   4
            856 [(0, 9), (1, 3), (2, 4), (5, 7), (6, 8)]   5
            857 [(0, 9), (1, 3), (2, 4), (5, 8), (6, 7)]   0
            858 [(0, 9), (1, 3), (2, 5), (4, 6), (7, 8)]   3
            859 [(0, 9), (1, 3), (2, 5), (4, 7), (6, 8)]   4
            860 [(0, 9), (1, 3), (2, 5), (4, 8), (6, 7)]   5
            861 [(0, 9), (1, 3), (2, 6), (4, 5), (7, 8)]   5
            862 [(0, 9), (1, 3), (2, 6), (4, 7), (5, 8)]   1
            863 [(0, 9), (1, 3), (2, 6), (4, 8), (5, 7)]   3
            864 [(0, 9), (1, 3), (2, 7), (4, 5), (6, 8)]   0
            865 [(0, 9), (1, 3), (2, 7), (4, 6), (5, 8)]   5
            866 [(0, 9), (1, 3), (2, 7), (4, 8), (5, 6)]   1
            867 [(0, 9), (1, 3), (2, 8), (4, 5), (6, 7)]   2
            868 [(0, 9), (1, 3), (2, 8), (4, 6), (5, 7)]   1
            869 [(0, 9), (1, 3), (2, 8), (4, 7), (5, 6)]   3
            870 [(0, 9), (1, 4), (2, 3), (5, 6), (7, 8)]   0
            871 [(0, 9), (1, 4), (2, 3), (5, 7), (6, 8)]   2
            872 [(0, 9), (1, 4), (2, 3), (5, 8), (6, 7)]   5
            873 [(0, 9), (1, 4), (2, 5), (3, 6), (7, 8)]   4
            874 [(0, 9), (1, 4), (2, 5), (3, 7), (6, 8)]   3
            875 [(0, 9), (1, 4), (2, 5), (3, 8), (6, 7)]   1
            876 [(0, 9), (1, 4), (2, 6), (3, 5), (7, 8)]   1
            877 [(0, 9), (1, 4), (2, 6), (3, 7), (5, 8)]   0
            878 [(0, 9), (1, 4), (2, 6), (3, 8), (5, 7)]   4
            879 [(0, 9), (1, 4), (2, 7), (3, 5), (6, 8)]   4
            880 [(0, 9), (1, 4), (2, 7), (3, 6), (5, 8)]   1
            881 [(0, 9), (1, 4), (2, 7), (3, 8), (5, 6)]   2
            882 [(0, 9), (1, 4), (2, 8), (3, 5), (6, 7)]   0
            883 [(0, 9), (1, 4), (2, 8), (3, 6), (5, 7)]   3
            884 [(0, 9), (1, 4), (2, 8), (3, 7), (5, 6)]   5
            885 [(0, 9), (1, 5), (2, 3), (4, 6), (7, 8)]   2
            886 [(0, 9), (1, 5), (2, 3), (4, 7), (6, 8)]   1
            887 [(0, 9), (1, 5), (2, 3), (4, 8), (6, 7)]   0
            888 [(0, 9), (1, 5), (2, 4), (3, 6), (7, 8)]   5
            889 [(0, 9), (1, 5), (2, 4), (3, 7), (6, 8)]   0
            890 [(0, 9), (1, 5), (2, 4), (3, 8), (6, 7)]   4
            891 [(0, 9), (1, 5), (2, 6), (3, 4), (7, 8)]   4
            892 [(0, 9), (1, 5), (2, 6), (3, 7), (4, 8)]   1
            893 [(0, 9), (1, 5), (2, 6), (3, 8), (4, 7)]   0
            894 [(0, 9), (1, 5), (2, 7), (3, 4), (6, 8)]   5
            895 [(0, 9), (1, 5), (2, 7), (3, 6), (4, 8)]   4
            896 [(0, 9), (1, 5), (2, 7), (3, 8), (4, 6)]   3
            897 [(0, 9), (1, 5), (2, 8), (3, 4), (6, 7)]   3
            898 [(0, 9), (1, 5), (2, 8), (3, 6), (4, 7)]   2
            899 [(0, 9), (1, 5), (2, 8), (3, 7), (4, 6)]   4
            900 [(0, 9), (1, 6), (2, 3), (4, 5), (7, 8)]   3
            901 [(0, 9), (1, 6), (2, 3), (4, 7), (5, 8)]   2
            902 [(0, 9), (1, 6), (2, 3), (4, 8), (5, 7)]   5
            903 [(0, 9), (1, 6), (2, 4), (3, 5), (7, 8)]   0
            904 [(0, 9), (1, 6), (2, 4), (3, 7), (5, 8)]   1
            905 [(0, 9), (1, 6), (2, 4), (3, 8), (5, 7)]   2
            906 [(0, 9), (1, 6), (2, 5), (3, 4), (7, 8)]   5
            907 [(0, 9), (1, 6), (2, 5), (3, 7), (4, 8)]   2
            908 [(0, 9), (1, 6), (2, 5), (3, 8), (4, 7)]   3
            909 [(0, 9), (1, 6), (2, 7), (3, 4), (5, 8)]   0
            910 [(0, 9), (1, 6), (2, 7), (3, 5), (4, 8)]   3
            911 [(0, 9), (1, 6), (2, 7), (3, 8), (4, 5)]   5
            912 [(0, 9), (1, 6), (2, 8), (3, 4), (5, 7)]   4
            913 [(0, 9), (1, 6), (2, 8), (3, 5), (4, 7)]   1
            914 [(0, 9), (1, 6), (2, 8), (3, 7), (4, 5)]   0
            915 [(0, 9), (1, 7), (2, 3), (4, 5), (6, 8)]   5
            916 [(0, 9), (1, 7), (2, 3), (4, 6), (5, 8)]   1
            917 [(0, 9), (1, 7), (2, 3), (4, 8), (5, 6)]   3
            918 [(0, 9), (1, 7), (2, 4), (3, 5), (6, 8)]   1
            919 [(0, 9), (1, 7), (2, 4), (3, 6), (5, 8)]   3
            920 [(0, 9), (1, 7), (2, 4), (3, 8), (5, 6)]   0
            921 [(0, 9), (1, 7), (2, 5), (3, 4), (6, 8)]   0
            922 [(0, 9), (1, 7), (2, 5), (3, 6), (4, 8)]   1
            923 [(0, 9), (1, 7), (2, 5), (3, 8), (4, 6)]   4
            924 [(0, 9), (1, 7), (2, 6), (3, 4), (5, 8)]   5
            925 [(0, 9), (1, 7), (2, 6), (3, 5), (4, 8)]   4
            926 [(0, 9), (1, 7), (2, 6), (3, 8), (4, 5)]   1
            927 [(0, 9), (1, 7), (2, 8), (3, 4), (5, 6)]   1
            928 [(0, 9), (1, 7), (2, 8), (3, 5), (4, 6)]   3
            929 [(0, 9), (1, 7), (2, 8), (3, 6), (4, 5)]   4
            930 [(0, 9), (1, 8), (2, 3), (4, 5), (6, 7)]   1
            931 [(0, 9), (1, 8), (2, 3), (4, 6), (5, 7)]   3
            932 [(0, 9), (1, 8), (2, 3), (4, 7), (5, 6)]   5
            933 [(0, 9), (1, 8), (2, 4), (3, 5), (6, 7)]   5
            934 [(0, 9), (1, 8), (2, 4), (3, 6), (5, 7)]   1
            935 [(0, 9), (1, 8), (2, 4), (3, 7), (5, 6)]   2
            936 [(0, 9), (1, 8), (2, 5), (3, 4), (6, 7)]   2
            937 [(0, 9), (1, 8), (2, 5), (3, 6), (4, 7)]   0
            938 [(0, 9), (1, 8), (2, 5), (3, 7), (4, 6)]   5
            939 [(0, 9), (1, 8), (2, 6), (3, 4), (5, 7)]   0
            940 [(0, 9), (1, 8), (2, 6), (3, 5), (4, 7)]   3
            941 [(0, 9), (1, 8), (2, 6), (3, 7), (4, 5)]   4
            942 [(0, 9), (1, 8), (2, 7), (3, 4), (5, 6)]   4
            943 [(0, 9), (1, 8), (2, 7), (3, 5), (4, 6)]   1
            944 [(0, 9), (1, 8), (2, 7), (3, 6), (4, 5)]   3
